number of atoms: 20
Atom 0: 
atomic_number: 79
coord: 
   1.1000
  -2.2000
   3.3000

Atom 1: 
atomic_number: 79
coord: 
   4.4000
  -3.5000
  -1.6000

Atom 2: 
atomic_number: 79
coord: 
  -4.1000
   2.3000
   1.2000

Atom 3: 
atomic_number: 79
coord: 
  -3.2000
  -1.1000
   2.2000

Atom 4: 
atomic_number: 79
coord: 
  -0.5000
   3.6000
  -4.3000

Atom 5: 
atomic_number: 79
coord: 
   2.7000
  -1.3000
   4.4000

Atom 6: 
atomic_number: 79
coord: 
  -3.6000
   0.4000
   1.7000

Atom 7: 
atomic_number: 79
coord: 
  -4.4000
   1.8000
  -2.2000

Atom 8: 
atomic_number: 79
coord: 
   0.3000
   4.4000
  -1.6000

Atom 9: 
atomic_number: 79
coord: 
   3.5000
  -0.5000
   2.4000

Atom 10: 
atomic_number: 79
coord: 
   1.9000
   3.0000
  -4.1000

Atom 11: 
atomic_number: 79
coord: 
   2.2000
  -3.7000
  -1.8000

Atom 12: 
atomic_number: 79
coord: 
  -1.1000
   4.1000
   0.6000

Atom 13: 
atomic_number: 79
coord: 
  -3.4000
  -2.0000
   1.9000

Atom 14: 
atomic_number: 79
coord: 
   1.0000
  -1.4000
   3.2000

Atom 15: 
atomic_number: 79
coord: 
   3.3000
   2.1000
  -2.6000

Atom 16: 
atomic_number: 79
coord: 
  -4.0000
  -3.3000
   0.7000

Atom 17: 
atomic_number: 79
coord: 
  -2.7000
   0.3000
  -3.5000

Atom 18: 
atomic_number: 79
coord: 
   2.9000
   1.2000
  -0.8000

Atom 19: 
atomic_number: 79
coord: 
  -0.6000
   3.1000
   1.4000

gradient descent
Iterations: 1296
Optimized Energy: -367.056
Optimized Coordinates: 
   0.8653   1.7692  -3.5944  -2.6302  -1.0437   2.9622  -2.8527  -3.3319   0.9608   2.7646   1.3678  -0.0344  -1.6252  -1.9547   0.1715   3.5623  -2.0677  -0.8148   2.0158  -0.7899
  -2.9246  -0.7036   2.4800   0.5694   3.0694  -0.8828  -0.2489   1.9129   2.7133  -2.1066   1.4853  -1.1872   3.9421  -2.1480  -0.1444   1.5397  -2.9270   0.5408   0.7337   1.5866
   2.4573  -1.8858   1.0120   2.9487  -3.2753   3.0181   0.1265  -1.8153  -1.1176   0.4045  -3.7072   0.3011  -0.5691   2.1953   2.9755  -1.6427  -0.6993  -1.8489   0.7408   0.8815

Execution time: 179 ms

golden_ratio_line_search
Iterations: 782
Optimized Energy: -227.425
Optimized Coordinates: 
   1.9864e+00   3.8067e+00  -1.6607e+00   4.1612e+01  -1.0372e+00   6.4912e-01  -3.9113e+01  -3.4776e+00   1.0459e+00   2.8920e+00   1.2852e+00   1.0206e+00  -7.2178e+01  -3.5154e+00   8.5726e-02   3.7216e+00  -1.2884e+01  -8.6186e-01   1.8848e+00   7.0438e+01
  -2.3940e+00  -2.0661e+00   1.7222e+00  -5.6474e+01   3.4919e+00   1.3095e+00   9.5154e+01   1.8488e+00   2.0941e+00   2.4749e-01   2.2749e+00  -2.9350e+00   1.4622e+02  -2.5550e+01  -6.1249e-01   1.9016e+00  -2.0252e+01   5.9319e-01  -2.7936e-01  -1.3900e+02
   1.6472e+00  -6.5350e-01   5.7297e-01   6.1627e+01  -1.7638e+00   2.4508e+00  -4.3932e+01  -1.7253e+00  -3.2943e-01   8.4675e-01  -3.1970e+00  -1.0908e+00  -1.1308e+02   6.6609e+00   3.7711e-01  -1.4633e+00  -1.7561e+01  -2.0675e+00  -1.8890e+00   1.1507e+02

Execution time: 1635 ms

Newton_step
Iterations: 28
Optimized Energy: -3.56775e-08
Optimized Coordinates: 
  -5.4929e+02   6.9433e+02  -4.8366e+01   4.0297e+02   2.4171e+02   1.2975e+02   3.7333e+02  -2.6561e+02  -1.1182e+02   2.0878e+02   9.8757e+02   7.1626e+02  -7.1419e+02   1.3377e+02   3.2400e+02   1.2874e+03  -5.0952e+02   9.3211e+02   2.9089e+02  -2.3119e+02
   1.3916e+03   5.2382e+02   1.1065e+03   3.5263e+02  -1.0164e+01   3.0072e+02  -3.9621e+02   5.1345e+02   1.1127e+03  -8.8084e+02   7.4299e+02  -7.2436e+02   1.1288e+03   1.3401e+02  -1.4954e+02   4.6699e+02   1.0986e+03   2.3050e+02  -6.3786e+02   9.3521e+02
   3.4131e+02   3.2909e+02   4.3490e+02   3.9331e+02   1.7257e+02   5.0007e+02   5.7539e+02   9.1253e+01   3.9298e+02   1.8965e+02   1.7264e+02  -4.5706e+01   4.7488e+02   3.9657e+02   3.4548e+02   3.4428e+01   1.5944e+02   1.3741e+02   1.9917e+02   5.3004e+02

Execution time: 23 ms

BFGS
Iterations: 21
Optimized Energy: -0.000208592
Optimized Coordinates: 
  -1.5219e+07  -2.1008e+02   1.8105e+02  -2.5619e+06   3.8037e+01  -6.4732e+02   3.2386e+03   5.4230e+00  -6.2503e+00  -4.4498e+01   8.1317e+01   2.1689e+02   4.7724e+04   2.5577e+06   1.5220e+07  -2.3844e+02   7.3636e+02  -1.6256e+01   1.2945e+02  -4.7716e+04
   1.2175e+08  -2.3344e+01  -7.0982e+02  -1.1500e+07  -5.1362e+00  -1.3242e+02  -1.2192e+04  -7.6247e+00   2.6095e+00  -4.6933e+01  -6.2851e+01   1.5454e+01  -9.5425e+04   1.1511e+07  -1.2175e+08  -2.0597e+02   1.6011e+03   1.1107e+01   2.8403e+02   9.5436e+04
  -1.5219e+07  -2.1316e+01   1.9004e+02  -3.8420e+06  -1.4613e+00  -5.9411e+02   4.1018e+03  -1.2219e+01   1.3737e+01   1.1738e+02   1.1620e+02   1.7441e+01   7.6334e+04   3.8362e+06   1.5220e+07   4.3753e+02   1.4816e+03   1.0182e+00  -5.6696e+02  -7.6343e+04

Execution time: 5 ms

