gamma matrix: 
   21.0778   15.5101
   15.5101   21.0778

S: 
   1.0000   0.6599
   0.6599   1.0000

core H: 
  -33.2250   -5.9388
   -5.9388  -33.2250

electron energy: -60.0338
nuclear repulsion energy: 19.4587
total energy: -40.5751

V_nuc_R: 
   13.9150  -13.9150
         0         0
         0         0

X: 
  -18.0000  -18.0000
  -18.0000  -18.0000

gamma_R: 
        0   5.4161  -5.4161        0
        0        0        0        0
        0        0        0        0

S_R: 
        0   0.3463  -0.3463        0
        0        0        0        0
        0        0        0        0

Y: 
  -1.5000  -1.5000
  -1.5000  -1.5000

