gamma matrix: 
   21.0778   14.4020
   14.4020   25.2019

S: 
   1.0000   0.4535  -0.3516        0        0
   0.4535   1.0000        0        0        0
  -0.3516        0   1.0000        0        0
        0        0        0   1.0000        0
        0        0        0        0   1.0000

core H: 
  -1.1853e+02  -1.0883e+01   8.4379e+00            0            0
  -1.0883e+01  -2.1049e+02            0            0            0
   8.4379e+00            0  -1.8929e+02            0            0
            0            0            0  -1.8929e+02            0
            0            0            0            0  -1.8929e+02

electron energy: -873.141
nuclear repulsion energy: 110.742
total energy: -762.399

V_nuc_R: 
   64.3851  -64.3851
         0         0
         0         0

X: 
  -1.3964e+01  -1.9468e+01   4.2534e+01            0            0
  -1.9468e+01  -1.4552e+02  -2.2899e+01            0            0
   4.2534e+01  -2.2899e+01  -1.0597e+02            0            0
            0            0            0  -1.5600e+02            0
            0            0            0            0  -1.5600e+02

gamma_R: 
        0   5.7691  -5.7691        0
        0        0        0        0
        0        0        0        0

S_R: 
        0   0.3571  -0.1807        0        0  -0.3571        0        0        0        0   0.1807        0        0        0        0        0        0        0        0        0        0        0        0        0        0
        0        0        0   0.2044        0        0        0        0        0        0        0        0        0        0        0  -0.2044        0        0        0        0        0        0        0        0        0
        0        0        0        0   0.2044        0        0        0        0        0        0        0        0        0        0        0        0        0        0        0  -0.2044        0        0        0        0

Y: 
   -1.2506   -7.8260
   -7.8260  -54.9497

