gamma matrix: 
   21.0778   13.5855
   13.5855   22.2370

S: 
   1.0000e+00   4.6749e-01  -3.8953e-01            0            0
   4.6749e-01   1.0000e+00  -2.2754e-17            0            0
  -3.8953e-01  -2.2754e-17   1.0000e+00            0            0
            0            0            0   1.0000e+00            0
            0            0            0            0   1.0000e+00

core H: 
  -9.9228e+01  -9.3498e+00   7.7907e+00            0            0
  -9.3498e+00  -1.6128e+02   7.0538e-16            0            0
   7.7907e+00   7.0538e-16  -1.4500e+02            0            0
            0            0            0  -1.4500e+02            0
            0            0            0            0  -1.4500e+02

electron energy: -602.188
nuclear repulsion energy: 89.2164
total energy: -512.971

V_nuc_R: 
   48.7521  -48.7521
         0         0
         0         0

X: 
  -1.5175e+01  -1.6442e+01   3.5920e+01            0            0
  -1.6442e+01  -1.1495e+02  -1.9781e+01            0            0
   3.5920e+01  -1.9781e+01  -8.0785e+01            0            0
            0            0            0  -1.2400e+02            0
            0            0            0            0  -6.2000e+01

gamma_R: 
        0   5.1381  -5.1381        0
        0        0        0        0
        0        0        0        0

S_R: 
        0   0.3446  -0.1865        0        0  -0.3446        0        0        0        0   0.1865        0        0        0        0        0        0        0        0        0        0        0        0        0        0
        0        0        0   0.2129        0        0        0        0        0        0        0        0        0        0        0  -0.2129        0        0        0        0        0        0        0        0        0
        0        0        0        0   0.2129        0        0        0        0        0        0        0        0        0        0        0        0        0        0        0  -0.2129        0        0        0        0

Y: 
   -1.3307   -6.8677
   -6.8677  -41.9754

