gamma matrix: 
   21.0778   15.5101
   15.5101   21.0778

S: 
   1.0000   0.6599
   0.6599   1.0000

core H: 
  -33.2250   -5.9388
   -5.9388  -33.2250



iteration: 0
F_alpha
  -33.2250   -5.9388
   -5.9388  -33.2250

F_beta
  -33.2250   -5.9388
   -5.9388  -33.2250

C_alpha
   0.7071  -0.7071
   0.7071   0.7071

C_beta
   0.7071  -0.7071
   0.7071   0.7071

P_alpha
   0.5000   0.5000
   0.5000   0.5000

P_beta
   0.5000   0.5000
   0.5000   0.5000

P_total
   1.0000   1.0000
   1.0000   1.0000

P_atom_overlap
   1.0000
   1.0000



iteration: 1
F_alpha
   -7.1760  -13.6939
  -13.6939   -7.1760

F_beta
   -7.1760  -13.6939
  -13.6939   -7.1760

C_alpha
   0.7071  -0.7071
   0.7071   0.7071

C_beta
   0.7071  -0.7071
   0.7071   0.7071

P_alpha
   0.5000   0.5000
   0.5000   0.5000

P_beta
   0.5000   0.5000
   0.5000   0.5000

P_total
   1.0000   1.0000
   1.0000   1.0000

P_atom_overlap
   1.0000
   1.0000


Final Convergence: 
E_alpha
  -20.8699
    6.5179

E_beta
  -20.8699
    6.5179

C_alpha
   0.7071  -0.7071
   0.7071   0.7071

C_beta
   0.7071  -0.7071
   0.7071   0.7071

electron energy: -60.0338
nuclear repulsion energy: 19.4587
total energy: -40.5751
